LevelData(tiles: [
 [1,1,1,1,1,1,1,1,1,1,1,1,1,0,0,1,1,1,0]
,[1,0,0,0,1,0,0,0,0,0,0,0,1,1,1,1,0,1,1]
,[1,0,0,0,0,0,0,0,0,0,0,0,0,0,0,0,0,0,1]
,[1,0,0,0,1,0,0,0,0,0,0,0,1,0,0,0,0,0,1]
,[1,0,0,0,1,0,0,0,0,0,0,0,1,0,0,0,0,0,1]
,[1,0,0,0,1,0,0,0,0,0,0,0,1,0,0,0,1,1,1]
,[1,0,0,0,1,0,0,0,0,0,0,0,1,0,0,0,0,0,1]
,[1,0,0,0,1,1,1,0,1,1,1,1,1,1,0,0,0,0,1]
,[1,0,0,0,1,0,0,0,0,0,0,0,1,0,0,1,0,1,1]
,[1,0,0,1,1,0,0,0,0,0,0,0,1,0,1,1,0,0,1]
,[1,0,1,0,0,0,0,0,0,0,0,0,1,0,1,0,0,0,1]
,[1,0,1,0,0,0,0,0,0,0,0,0,1,0,1,0,0,0,1]
,[1,0,1,0,1,0,0,0,0,0,0,0,1,0,1,1,1,1,1]
,[1,0,1,0,1,1,1,1,1,1,1,1,1,0,1,0,0,0,0]
,[1,0,1,0,0,0,0,0,0,0,0,0,0,0,1,0,0,0,0]
,[1,1,1,1,1,1,1,1,1,1,1,1,1,1,1,0,0,0,0]
],
boxes: [[4,11],[5,11],[6,11],[8,11],[9,11],[10,11],[9,10],[5,9],[7,9],[9,9],[10,9],[7,8],[9,8],[6,6],[8,6],[10,6],[9,5],[6,4],[7,4],[9,4],[10,4],[16,4],[7,3],[13,3],[14,3],[15,3],[5,2],[7,2],[10,2],[11,2],[15,2],[16,2]],
goals: [[1,14],[1,13],[1,12],[1,11],[15,11],[16,11],[1,10],[15,10],[16,10],[1,9],[2,9],[1,8],[2,8],[3,8],[1,7],[2,7],[3,7],[1,6],[2,6],[3,6],[1,5],[2,5],[3,5],[1,4],[2,4],[3,4],[1,3],[2,3],[3,3],[1,2],[2,2],[3,2]],
start: [16,1]
),