LevelData(tiles: [
 [0,0,0,0,0,1,1,1,1,1,1,1,1,0,0,0,0,0]
,[1,1,1,1,1,1,0,0,0,0,0,0,1,1,1,1,0,0]
,[1,0,0,0,0,0,0,0,0,1,1,0,0,0,0,1,0,0]
,[1,1,0,0,0,0,0,1,0,1,1,0,1,1,0,1,0,0]
,[1,1,0,0,0,0,0,1,0,0,0,0,0,0,0,1,1,1]
,[1,0,0,0,1,0,0,1,0,0,0,0,0,0,0,0,0,1]
,[1,0,0,0,0,0,0,1,0,0,0,0,0,0,0,1,0,1]
,[1,0,0,0,1,0,0,0,0,0,0,0,0,0,0,1,0,1]
,[1,1,0,0,0,0,0,1,1,1,0,1,1,1,0,0,0,1]
,[0,1,0,0,0,0,0,0,0,0,0,0,0,0,0,1,1,1]
,[0,1,0,0,0,0,0,0,0,0,0,0,0,0,0,1,0,0]
,[0,1,1,1,1,1,1,0,0,0,1,1,1,1,1,1,0,0]
,[0,0,0,0,0,0,1,1,1,1,1,0,0,0,0,0,0,0]
],
boxes: [[3,10],[6,10],[9,10],[12,10],[3,9],[6,9],[9,9],[12,9],[3,8],[6,8],[14,8],[2,7],[5,7],[6,7],[3,6],[6,6],[3,4],[4,4],[2,3],[4,3],[6,3],[8,3],[5,2],[7,2]],
goals: [[8,7],[9,7],[10,7],[11,7],[12,7],[13,7],[8,6],[9,6],[10,6],[11,6],[12,6],[13,6],[8,5],[9,5],[10,5],[11,5],[12,5],[13,5],[8,4],[9,4],[10,4],[11,4],[12,4],[13,4]],
start: [1,2]
),